// галка
1: 30, 16, 18, 16, 
2: 17, 9, 29, 30, 
3: 3, 8, 6, 31, 
4: 15, 13, 3, 17, 
5: 19, 30, 20, 12, 
6: 32, 13, 9, 9, 
7: 22, 20, 22, 17, 
8: 6, 6, 24, 10, 
9: 31, 24, 28, 25, 
10: 10, 9, 32, 32, 
11: 14, 9, 21, 4, 
12: 32, 14, 6, 31, 
13: 6, 15, 15, 15, 
14: 10, 31, 17, 16, 
15: 21, 5, 6, 24, 
16: 7, 22, 4, 27, 

// primitive tree
1: 24, 12, 16, 23, 
2: 10, 1, 17, 17, 
3: 30, 5, 1, 23, 
4: 32, 6, 12, 28, 
5: 2, 19, 8, 8, 
6: 8, 9, 20, 12, 
7: 6, 13, 12, 24, 
8: 27, 16, 8, 29, 
9: 7, 30, 11, 17, 
10: 9, 28, 12, 21, 
11: 32, 24, 27, 25, 
12: 31, 28, 17, 7, 
13: 17, 3, 15, 7, 
14: 19, 13, 18, 20, 
15: 13, 21, 31, 6, 
16: 13, 16, 12, 23, 